#T-Scale encoding

    T1      T2      T3      T4      T5      NSc      Len      HPhob      Charge
A: -9.11   -1.63    0.63    1.04    2.26      1      1      00.250       1
R:  0.23    3.89   -1.16   -0.39   -0.06      7      6      -1.800       0
N: -4.62    0.66    1.16   -0.22    0.93      4      3      -0.640       0
D: -4.65    0.75    1.39   -0.40    1.05      4      3      -0.720      -1
C: -7.35   -0.86   -0.33    0.80    0.98      2      2      00.040       0
Q: -3       1.72    0.28   -0.39    0.33      5      4      -0.690       0
E: -3.03    1.82    0.51   -0.58    0.43      5      4      -0.620      -1
G: -10.61  -1.21   -0.12    0.75    3.25      0      0      00.160       0
H: -1.01   -1.31    0.01   -1.81   -0.21      6      4      -0.400       0.5
I: -4.25   -0.28   -0.15    1.40   -0.21      4      3      00.730       0
L: -4.38    0.28   -0.49    1.45    0.02      4      3      00.530       0
K: -2.59    2.34   -1.69    0.41   -0.21      5      5      -1.100       1
M: -4.08    0.98   -2.34    1.64   -0.79      4      4      00.260       0
F:  0.49   -0.94   -0.63   -1.27   -0.44      7      5      00.610       0
P: -5.11   -3.54   -0.53   -0.36   -0.29      3      2      -0.070       0
S: -7.44   -0.65    0.68   -0.17    1.58      2      2      -0.260       0
T: -5.97   -0.62    1.11    0.31    0.95      3      2      -0.180       0
W:  5.73   -2.67   -0.07   -1.96   -0.54      10      6      00.370      0
Y:  2.08   -0.47    0.07   -1.67   -0.35       8      6      00.020       0
V: -5.87   -0.94    0.28    1.10    0.48      3      2      00.540       0  